17Networks_1
1 120 18 134 255
17Networks_2 
2 255 0 0 255
17Networks_3
3 70 130 180 255
17Networks_4
4 42 204 164 255
17Networks_5
5 74 155 60 255
17Networks_6
6 0 118 14 255
17Networks_7
7 196 58 250 255
17Networks_8
8 255 152 213 255
17Networks_9
9 200 248 164 255
17Networks_10
10 122 135 50 255
17Networks_11
11 119 140 176 255
17Networks_12
12 230 148 34 255
17Networks_13
13 135 50 74 255
17Networks_14
14 12 48 255 255
17Networks_15
15 0 0 130 255
17Networks_16
16 255 255 0 255 
17Networks_17
17 205 62 78 255
ExtraNetworks_18
18 155 43 253 255
ExtraNetworks_19
19 0 255 105 255
ExtraNetworks_20
20 22 219 255 255
ExtraNetworks_21
21 255 81 209 255